../../.git/annex/objects/k7/kQ/MD5E-s1523025--c725740349839cf21c5c6033561a0bbd.tsv/MD5E-s1523025--c725740349839cf21c5c6033561a0bbd.tsv